N315_4.5S	101588_3	100.000	253	0	0	1	253	4674	4422	6.92e-133	468
N315_6S	101588_2	100.000	218	0	0	1	218	194120	194337	1.68e-113	403
N315_RNAseP	101588_2	99.080	435	4	0	1	435	415688	416122	0.0	782
N315_srn_0010_sRNA412	101588_4	99.497	199	1	0	1	199	173395	173593	2.58e-101	363
N315_srn_0020_sRNA1	101588_4	91.279	172	15	0	1	172	181667	181496	4.99e-63	235
N315_srn_0030_Teg35	101588_4	99.115	226	1	1	1	226	185577	185801	4.87e-114	405
N315_srn_0040_Sau6817	101588_4	95.604	91	4	0	1	91	187440	187350	1.14e-36	147
N315_srn_0050_Teg1	101588_4	96.507	229	8	0	1	229	188887	189115	2.99e-106	379
N315_srn_0060_Sau65	101588_4	98.276	58	1	0	1	58	194863	194806	1.39e-23	102
N315_srn_0070_sRNA4	101588_4	98.723	235	3	0	1	235	198414	198180	6.52e-118	418
N315_srn_0080_Teg107	101588_4	94.118	187	11	0	1	187	202985	203171	5.36e-78	285
N315_srn_0090_sRNA5	101588_4	96.997	333	10	0	1	333	205110	204778	1.49e-160	560
N315_srn_0100_sRNA6	101588_4	97.651	298	7	0	10	307	207364	207067	3.87e-146	512
N315_srn_0120_Teg6as	101588_24	95.200	125	3	3	16	138	2	125	2.14e-50	195
N315_srn_0130_Teg7as	101588_40	100.000	29	0	0	1	29	29	1	1.97e-09	54.7
N315_srn_0150_Teg36	101588_19	95.652	46	2	0	1	46	1778	1733	2.12e-15	75.0
N315_srn_0160_Teg39as	101588_19	97.826	184	4	0	28	211	2202	2019	6.05e-88	318
N315_srn_0190_sRNA10	101588_20	100.000	34	0	0	1	34	3851	3884	2.78e-12	63.9
N315_srn_0250_Sau6372	101588_3	98.113	53	1	0	1	53	401592	401540	7.31e-21	93.5
N315_srn_0260_Teg15as	101588_3	97.951	244	5	0	1	244	387629	387872	1.46e-119	424
N315_srn_0270_Teg16as	101588_3	97.585	207	5	0	1	207	383110	382904	4.51e-99	355
N315_srn_0275_tsr6	101588_3	96.364	110	4	0	1	110	382676	382567	3.94e-47	182
N315_srn_0280_sRNA16	101588_3	97.849	372	8	0	1	372	377647	377276	0.0	643
N315_srn_0280_sRNA16	101588_3	92.857	84	6	0	249	332	377303	377220	9.35e-29	122
N315_srn_0280_sRNA16	101588_3	96.296	54	2	0	255	308	377273	377220	9.49e-19	89.8
N315_srn_0290_sRNA17	101588_3	97.685	216	5	0	1	216	364958	365173	4.70e-104	372
N315_srn_0300_sRNA18	101588_3	98.851	261	3	0	1	261	363583	363843	2.58e-132	466
N315_srn_0310_Sau6873	101588_3	100.000	64	0	0	1	64	345498	345435	1.59e-28	119
N315_srn_0320_Sau16	101588_3	98.268	231	4	0	1	231	344761	344991	4.99e-114	405
N315_srn_0340_Sau6442	101588_3	100.000	65	0	0	3	67	327190	327254	4.60e-29	121
N315_srn_0350_sRNA20	101588_3	98.052	154	3	0	1	154	326671	326824	4.33e-73	268
N315_srn_0360_Teg17as	101588_3	99.177	243	2	0	1	243	319137	319379	5.19e-124	438
N315_srn_0370_sRNA22	101588_3	99.145	351	3	0	1	351	314114	314464	0.0	632
N315_srn_0380_Teg140	101588_3	98.701	77	1	0	1	77	303080	303004	5.52e-34	137
N315_srn_0390_sRNA24	101588_3	98.524	271	4	0	1	271	298616	298886	3.44e-136	479
N315_srn_0410_sRNA25	101588_3	98.095	315	6	0	1	315	295741	296055	3.03e-157	549
N315_srn_0420_sRNA26	101588_3	98.419	253	4	0	1	253	293259	293007	3.24e-126	446
N315_srn_0430_sau53	101588_3	92.708	192	14	0	1	192	291030	291221	9.24e-76	278
N315_srn_0440_rsaK	101588_3	99.528	212	1	0	1	212	280838	281049	1.64e-108	387
N315_srn_0450_sRNA28	101588_3	100.000	82	0	0	1	82	276713	276794	2.14e-38	152
N315_srn_0455_tsr9	101588_3	96.078	51	2	0	335	385	276025	276075	4.58e-17	84.2
N315_srn_0460_Teg39	101588_3	96.053	76	3	0	1	76	271043	271118	4.22e-30	124
N315_srn_0470_Sau6292	101588_3	100.000	49	0	0	1	49	264950	264998	2.33e-20	91.6
N315_srn_0480_Sau6717	101588_3	100.000	45	0	0	1	45	259568	259612	3.39e-18	84.2
N315_srn_0490_Sau55	101588_3	97.674	43	1	0	1	43	255296	255338	1.89e-15	75.0
N315_srn_0500_sRNA30	101588_3	97.241	145	4	0	1	145	252483	252627	1.89e-66	246
N315_srn_0510_rsaG	101588_3	100.000	137	0	0	1	137	249355	249219	1.06e-68	254
N315_srn_0520_sRNA32	101588_3	97.521	121	3	0	1	121	248699	248579	7.29e-55	207
N315_srn_0530_sRNA33	101588_3	98.578	211	3	0	1	211	246962	246752	1.27e-104	374
N315_srn_0540_sRNA34	101588_3	100.000	174	0	0	1	174	241769	241942	3.77e-89	322
N315_srn_0550_Sau6454	101588_3	98.448	451	7	0	1	451	231170	230720	0.0	795
N315_srn_0570_sRNA35	101588_3	100.000	195	0	0	1	195	225500	225306	9.08e-101	361
N315_srn_0580_Sau6569	101588_3	98.795	166	2	0	1	166	221961	221796	2.17e-81	296
N315_srn_0590_sRNA37	101588_3	99.286	140	1	0	1	140	218905	218766	1.09e-68	254
N315_srn_0600_sRNA38	101588_3	95.161	124	6	0	1	124	217584	217707	1.63e-51	196
N315_srn_0610_sRNA39	101588_3	100.000	70	0	0	1	70	214476	214407	8.12e-32	130
N315_srn_0620_sRNA40	101588_3	98.750	160	2	0	1	160	212150	212309	4.50e-78	285
N315_srn_0640_sRNA41	101588_3	100.000	88	0	0	1	88	206701	206614	1.08e-41	163
N315_srn_0650_sRNA42	101588_3	99.632	272	1	0	1	272	204129	204400	9.55e-142	497
N315_srn_0660_Sau6526	101588_3	100.000	75	0	0	1	75	203681	203755	1.48e-34	139
N315_srn_0670_Sau6994	101588_3	98.355	304	5	0	1	304	200160	200463	8.17e-153	534
N315_srn_0680_Sau6807	101588_3	100.000	72	0	0	1	72	198553	198624	6.52e-33	134
N315_srn_0690_sRNA44	101588_3	99.710	345	1	0	1	345	196744	197088	0.0	632
N315_srn_0700_sRNA45	101588_7	98.413	63	1	0	1	63	107808	107746	2.60e-26	111
N315_srn_0700_sRNA45	101588_7	97.872	47	1	0	1	47	107698	107652	2.04e-17	82.4
N315_srn_0700_sRNA45	101588_7	100.000	39	0	0	10	48	39431	39393	1.22e-14	73.1
N315_srn_0710_sRNA46	101588_3	99.111	225	2	0	1	225	179477	179701	4.84e-114	405
N315_srn_0720_sRNA47	101588_3	97.802	273	6	0	1	273	175570	175298	5.81e-134	472
N315_srn_0730_sRNA48	101588_3	98.828	256	3	0	1	256	173603	173348	1.52e-129	457
N315_srn_0760_sRNA51	101588_3	94.400	125	5	2	1	124	155235	155112	7.56e-50	191
N315_srn_0765_tsr11	101588_3	97.872	94	2	0	1	94	151005	151098	1.18e-41	163
N315_srn_0770_Teg18as	101588_3	98.960	865	9	0	1	865	138901	138037	0.0	1548
N315_srn_0780_Sau6733	101588_3	100.000	80	0	0	1	80	135974	135895	2.68e-37	148
N315_srn_0790_Sau6657	101588_3	97.802	91	2	0	1	91	135128	135218	5.26e-40	158
N315_srn_0795	101588_3	92.115	279	22	0	1	279	133457	133179	1.32e-110	394
N315_srn_0800_sRNA55	101588_3	98.857	175	2	0	1	175	130823	130649	2.28e-86	313
N315_srn_0810_sRNA56	101588_3	98.958	288	3	0	1	288	130167	130454	2.79e-147	516
N315_srn_0820_sRNA57	101588_3	90.826	109	10	0	1	109	126791	126899	1.42e-36	147
N315_srn_0830_sRNA58	101588_3	96.610	118	4	0	1	118	126138	126255	1.53e-51	196
N315_srn_0840_Sau5974	101588_3	97.260	73	2	0	1	73	126098	126170	4.00e-30	124
N315_srn_0850_sRNA59	101588_3	96.154	130	5	0	1	130	112144	112273	1.69e-56	213
N315_srn_0860_RsaOB	101588_3	99.050	421	4	0	1	421	92841	93261	0.0	756
N315_srn_0870_Teg38as	101588_3	98.780	82	1	0	1	82	89528	89609	9.96e-37	147
N315_srn_0890_sRNA71	101588_3	97.802	91	1	1	1	91	83951	84040	1.89e-39	156
N315_srn_0900_sRNA72	101588_3	100.000	31	0	0	1	31	79750	79720	1.07e-10	58.4
N315_srn_0910_sRNA73	101588_3	96.639	119	4	0	1	119	75168	75050	6.03e-52	198
N315_srn_0930_Teg76	101588_3	100.000	223	0	0	1	223	71752	71530	2.87e-116	412
N315_srn_0940_Sau6356	101588_3	100.000	61	0	0	1	61	66840	66900	6.90e-27	113
N315_srn_0950_Sau63	101588_3	98.901	91	1	0	1	91	65523	65613	1.13e-41	163
N315_srn_1020_sRNA90	101588_3	100.000	52	0	0	1	52	47131	47080	5.49e-22	97.1
N315_srn_1040_sRNA92	101588_3	100.000	31	0	0	1	31	41384	41414	1.07e-10	58.4
N315_srn_1050_sRNA93	101588_3	98.261	115	2	0	1	115	40367	40481	3.23e-53	202
N315_srn_1060_Teg149	101588_3	98.039	51	1	0	1	51	36614	36564	8.92e-20	89.8
N315_srn_1070_Sau41	101588_3	100.000	156	0	0	1	156	35994	36149	3.38e-79	289
N315_srn_1080_RsaX05	101588_3	99.512	205	1	0	1	205	35445	35241	1.23e-104	374
N315_srn_1090_Teg19as	101588_3	96.812	2478	76	3	1	2476	29909	32385	0.0	4135
N315_srn_1095_tsr13	101588_3	98.810	84	1	0	1	84	27877	27794	7.94e-38	150
N315_srn_1100_Sau6054	101588_3	96.552	145	3	1	1	143	20183	20039	3.12e-64	239
N315_srn_1110_Sau57	101588_3	96.899	129	4	0	1	129	6674	6802	1.31e-57	217
N315_srn_1120_sRNA97	101588_3	100.000	55	0	0	1	55	6134	6188	1.28e-23	102
N315_srn_1130_sRNA99	101588_3	100.000	82	0	0	1	82	4571	4652	2.14e-38	152
N315_srn_1140_Sau82	101588_3	99.301	143	1	0	1	143	1452	1310	2.39e-70	259
N315_srn_1150_sRNA100	101588_27	100.000	28	0	0	1	28	464	437	3.90e-09	52.8
N315_srn_1160_sRNA102	101588_11	100.000	36	0	0	1	36	37865	37900	2.41e-13	67.6
N315_srn_1170_sRNA103	101588_31	100.000	30	0	0	5	34	2	31	5.48e-10	56.5
N315_srn_1180_Sau83	101588_11	100.000	70	0	0	1	70	9481	9412	8.12e-32	130
N315_srn_1190_sRNA104	101588_11	100.000	85	0	0	1	85	10380	10296	4.82e-40	158
N315_srn_1200_sRNA105	101588_11	100.000	34	0	0	1	34	11887	11854	2.78e-12	63.9
N315_srn_1210_sRNA106	101588_11	99.512	205	1	0	1	205	12179	11975	1.23e-104	374
N315_srn_1220_sRNA107	101588_11	97.814	183	4	0	1	183	13189	13007	1.86e-87	316
N315_srn_1230_sRNA108	101588_11	98.947	190	2	0	1	190	16193	16004	1.15e-94	340
N315_srn_1240_sRNA109	101588_11	100.000	91	0	0	1	91	22332	22242	2.43e-43	169
N315_srn_1250_sRNA110	101588_11	100.000	184	0	0	1	184	26797	26614	1.11e-94	340
N315_srn_1260_Sau62	101588_11	100.000	71	0	0	1	71	28192	28122	2.39e-32	132
N315_srn_1270_Teg44	101588_11	98.678	227	2	1	1	226	28883	29109	6.30e-113	401
N315_srn_1280_sRNA112	101588_11	98.125	160	3	0	1	160	35297	35456	2.09e-76	279
N315_srn_1290_sRNA113	101588_11	100.000	28	0	0	1	28	36935	36908	3.90e-09	52.8
N315_srn_1300_sRNA115	101588_27	100.000	31	0	0	1	31	463	433	1.07e-10	58.4
N315_srn_1310_sRNA116	101588_27	100.000	31	0	0	1	31	1349	1319	1.07e-10	58.4
N315_srn_1320_sRNA117	101588_23	100.000	58	0	0	1	58	514	457	2.98e-25	108
N315_srn_1330_sRNA118	101588_36	100.000	94	0	0	83	176	134	41	1.13e-44	174
N315_srn_1340_sRNA119	101588_9	98.246	342	6	0	1	342	48366	48707	3.24e-172	599
N315_srn_1350_Teg45	101588_9	98.625	291	4	0	1	291	47547	47257	2.82e-147	516
N315_srn_1360_Sau67	101588_9	98.361	61	1	0	1	61	44491	44551	3.21e-25	108
N315_srn_1380_Teg46	101588_9	99.194	124	1	0	1	124	42722	42599	7.46e-60	224
N315_srn_1390_sRNA123	101588_9	100.000	244	0	0	1	244	42404	42647	6.70e-128	451
N315_srn_1400_sRNA124	101588_9	100.000	44	0	0	1	44	41192	41235	1.18e-17	82.4
N315_srn_1410_Teg77	101588_9	99.329	149	1	0	1	149	40151	40003	1.16e-73	270
N315_srn_1420_Sau60	101588_9	100.000	95	0	0	1	95	38267	38173	1.53e-45	176
N315_srn_1430_sRNA126	101588_9	99.322	295	2	0	1	295	37167	37461	7.91e-153	534
N315_srn_1440_sRNA127	101588_9	100.000	32	0	0	1	32	28647	28678	3.18e-11	60.2
N315_srn_1450_Sau6057	101588_9	100.000	57	0	0	1	57	27012	26956	1.05e-24	106
N315_srn_1460_sRNA128	101588_9	100.000	47	0	0	1	47	26261	26307	2.82e-19	87.9
N315_srn_1470_sRNA129	101588_9	89.141	838	67	8	1	814	5852	6689	0.0	1022
N315_srn_1470_sRNA129	101588_9	87.308	780	93	2	41	814	1877	2656	0.0	887
N315_srn_1470_sRNA129	101588_9	94.503	382	21	0	433	814	10284	10665	4.81e-169	590
N315_srn_1470_sRNA129	101588_9	86.384	448	41	8	1	429	5960	6406	1.82e-133	472
N315_srn_1470_sRNA129	101588_9	84.848	462	52	8	78	521	5749	6210	8.52e-127	449
N315_srn_1470_sRNA129	101588_9	84.275	407	46	6	133	521	5750	6156	3.15e-106	381
N315_srn_1480_sRNA130	101588_9	90.244	615	54	2	1	609	6062	6676	0.0	798
N315_srn_1480_sRNA130	101588_9	88.834	609	62	1	1	609	2041	2643	0.0	743
N315_srn_1480_sRNA130	101588_9	90.909	374	34	0	236	609	10279	10652	4.79e-143	503
N315_srn_1490_Sau6477	101588_1	100.000	216	0	0	1	216	9019	8804	2.15e-112	399
N315_srn_1500_Sau6667	101588_1	100.000	48	0	0	1	48	12681	12728	8.11e-20	89.8
N315_srn_1505_S204	101588_1	93.289	149	8	2	1	148	12741	12888	1.53e-57	219
N315_srn_1510_rsaA	101588_1	100.000	143	0	0	1	143	19029	19171	5.15e-72	265
N315_srn_1520_Sau76	101588_1	94.309	123	5	2	1	122	19189	19310	9.60e-49	187
N315_srn_1520_Sau76	101588_1	100.000	38	0	0	84	121	19309	19272	1.01e-13	71.3
N315_srn_1530_sRNA133	101588_1	99.265	272	2	0	1	272	41979	42250	4.44e-140	492
N315_srn_1540_Teg48	101588_1	100.000	127	0	0	1	127	53832	53706	3.54e-63	235
N315_srn_1550_Teg49	101588_1	94.375	160	9	0	4	163	54099	53940	2.17e-66	246
N315_srn_1570_RsaOW2	101588_2	95.238	63	3	0	1	63	63067	63129	5.87e-23	100
N315_srn_1580_sbrC	101588_1	93.836	795	45	4	120	913	65200	65991	0.0	1194
N315_srn_1580_sbrC	101588_1	96.063	381	14	1	739	1119	65885	66264	8.50e-178	619
N315_srn_1580_sbrC	101588_1	88.166	169	18	2	758	925	65771	65938	1.31e-51	200
N315_srn_1580_sbrC	101588_1	94.643	56	3	0	739	794	66017	66072	1.07e-17	87.9
N315_srn_1590_rsaC	101588_1	95.725	538	21	2	8	544	65905	65369	0.0	865
N315_srn_1590_rsaC	101588_1	95.506	89	4	0	7	95	65973	65885	1.07e-34	143
N315_srn_1590_rsaC	101588_1	94.643	56	3	0	40	95	66072	66017	5.08e-18	87.9
N315_srn_1600_Sau6912	101588_1	98.361	61	1	0	1	61	70666	70606	3.21e-25	108
N315_srn_1610_sRNA136	101588_1	96.809	282	9	0	1	282	75668	75387	5.99e-134	472
N315_srn_1620_Sau6836	101588_1	100.000	71	0	0	1	71	77695	77765	2.30e-32	132
N315_srn_1630_Teg99	101588_1	100.000	82	0	0	1	82	79868	79949	2.14e-38	152
N315_srn_1640_rsaD	101588_1	100.000	177	0	0	1	177	81570	81394	8.26e-91	327
N315_srn_1650_sRNA139	101588_1	95.753	259	10	1	1	259	88660	88917	2.61e-117	416
N315_srn_1660_sRNA140	101588_1	96.445	422	15	0	31	452	98461	98882	0.0	697
N315_srn_1670_Teg20as	101588_1	98.911	1010	8	3	1	1009	100852	101859	0.0	1801
N315_srn_1680_sRNA142	101588_1	98.413	126	2	0	1	126	102142	102267	2.73e-59	222
N315_srn_1690_sRNA143	101588_1	98.058	206	4	0	1	206	107895	108100	3.47e-100	359
N315_srn_1700_sRNA144	101588_1	100.000	33	0	0	1	33	114183	114151	9.43e-12	62.1
N315_srn_1720_sRNA146	101588_1	98.316	297	5	0	1	297	127778	127482	6.21e-149	521
N315_srn_1730_Sau7006	101588_1	95.349	86	4	0	1	86	135380	135465	6.38e-34	137
N315_srn_1740_sRNA147	101588_1	98.438	192	3	0	1	192	136808	136617	4.18e-94	339
N315_srn_1750_sRNA148	101588_1	100.000	29	0	0	1	29	142726	142754	1.18e-09	54.7
N315_srn_1760_sRNA149	101588_1	99.213	127	1	0	1	127	146957	146831	1.65e-61	230
N315_srn_1770_rsaOC	101588_1	98.990	99	1	0	1	99	146852	146950	4.49e-46	178
N315_srn_1780_Sau66	101588_1	97.468	79	2	0	1	79	149552	149630	2.05e-33	135
N315_srn_1790_sRNA150	101588_1	100.000	42	0	0	1	42	163013	162972	1.40e-16	78.7
N315_srn_1800_sRNA151	101588_1	95.312	64	3	0	1	64	164281	164344	1.60e-23	102
N315_srn_1810_Teg51	101588_1	97.101	207	5	1	1	206	168081	168287	7.51e-97	348
N315_srn_1820_sRNA154	101588_1	96.633	594	20	0	1	594	176854	176261	0.0	987
N315_srn_1830_sRNA155	101588_1	98.515	202	3	0	2	203	184256	184457	1.23e-99	357
N315_srn_1840_sRNA156	101588_1	100.000	59	0	0	1	59	185571	185629	8.51e-26	110
N315_srn_1850_sRNA157	101588_1	99.206	252	2	0	1	252	188447	188196	5.37e-129	455
N315_srn_1860_sRNA158	101588_1	98.868	265	3	0	1	265	195691	195427	1.56e-134	473
N315_srn_1870_Sau6428	101588_1	100.000	71	0	0	1	71	198334	198404	2.30e-32	132
N315_srn_1880_sRNA160	101588_1	100.000	56	0	0	1	56	199800	199745	3.67e-24	104
N315_srn_1890_sRNA161	101588_1	98.644	295	4	0	1	295	208713	208419	1.71e-149	523
N315_srn_1900_Sau15	101588_1	97.826	92	2	0	1	92	215998	216089	1.48e-40	159
N315_srn_1910_rsaH	101588_1	98.438	128	2	0	1	128	216657	216784	2.15e-60	226
N315_srn_1920_Teg95	101588_1	96.809	188	6	0	1	188	217019	217206	6.88e-87	315
N315_srn_1930.1_rsaOF	101588_1	98.276	58	1	0	1	58	218044	218101	1.39e-23	102
N315_srn_1930.1_rsaOF	101588_1	97.143	35	1	0	6	40	342164	342198	8.48e-11	60.2
N315_srn_1930.2_rsaOF	101588_6	98.529	68	1	0	1	68	99843	99910	5.65e-29	121
N315_srn_1930.2_rsaOF	101588_6	98.462	65	1	0	1	65	99788	99852	2.63e-27	115
N315_srn_1930.2_rsaOF	101588_6	91.304	69	2	2	1	65	99729	99797	4.43e-20	91.6
N315_srn_1930.3_rsaOF	101588_7	91.339	127	10	1	1	127	107875	107750	2.87e-44	172
N315_srn_1930.4_tsr20	101588_1	90.000	170	15	2	1	170	253926	254093	1.21e-57	219
N315_srn_1930.4_tsr20	101588_1	86.550	171	21	2	63	231	38474	38304	3.41e-48	187
N315_srn_1930.4_tsr20	101588_1	90.244	123	9	2	112	231	162859	162737	2.67e-39	158
N315_srn_1930.4_tsr20	101588_1	78.995	219	42	4	4	220	253985	254201	5.79e-36	147
N315_srn_1930.4_tsr20	101588_1	86.029	136	16	2	99	231	303474	303339	7.49e-35	143
N315_srn_1930.4_tsr20	101588_1	86.325	117	11	4	1	115	218044	218157	9.75e-29	122
N315_srn_1930.4_tsr20	101588_1	93.421	76	4	1	99	173	209102	209177	2.11e-25	111
N315_srn_1930.4_tsr20	101588_1	98.148	54	1	0	118	171	342211	342264	2.13e-20	95.3
N315_srn_1930.4_tsr20	101588_1	96.491	57	1	1	242	298	218307	218252	7.65e-20	93.5
N315_srn_1930_rsaOF	101588_1	98.433	319	5	0	1	319	224466	224148	3.95e-161	562
N315_srn_1940_sRNA165	101588_1	95.133	226	11	0	1	226	227873	227648	1.38e-99	357
N315_srn_1950_sRNA167	101588_1	98.305	118	2	0	1	118	234662	234545	7.08e-55	207
N315_srn_1960_rsaOL	101588_1	100.000	73	0	0	1	73	243822	243750	1.85e-33	135
N315_srn_1970_Sau6769	101588_1	100.000	71	0	0	1	71	244969	245039	2.30e-32	132
N315_srn_1980_sRNA169	101588_1	99.656	291	1	0	1	291	245946	245656	2.80e-152	532
N315_srn_1990_Teg40as	101588_1	99.333	300	2	0	1	300	246458	246159	1.34e-155	544
N315_srn_2000_Sau81	101588_1	100.000	53	0	0	1	53	246495	246443	1.57e-22	99.0
N315_srn_2020_sRNA171	101588_4	100.000	62	0	0	1	62	133466	133405	1.96e-27	115
N315_srn_2020_sRNA171	101588_4	98.387	62	1	0	1	62	17014	17075	9.13e-26	110
N315_srn_2020_sRNA171	101588_4	100.000	38	0	0	25	62	156096	156059	4.31e-14	71.3
N315_srn_2020_sRNA171	101588_4	100.000	38	0	0	25	62	197567	197604	4.31e-14	71.3
N315_srn_2020_sRNA171	101588_4	95.000	40	2	0	23	62	25916	25877	7.21e-12	63.9
N315_srn_2030_Teg52	101588_1	100.000	117	0	0	1	117	255134	255250	1.16e-57	217
N315_srn_2035_tsr15	101588_1	98.409	817	13	0	1	817	259094	259910	0.0	1437
N315_srn_2040_sRNA176	101588_1	98.291	117	2	0	1	117	267591	267475	2.52e-54	206
N315_srn_2050_sRNA177	101588_1	99.052	211	2	0	1	211	271321	271111	2.74e-106	379
N315_srn_2055_tsr16	101588_1	100.000	102	0	0	1	102	274032	273931	2.15e-49	189
N315_srn_2058	101588_1	98.755	241	3	0	1	241	284002	284242	3.10e-121	429
N315_srn_2060_sRNA179	101588_1	98.913	184	2	0	1	184	287535	287352	2.40e-91	329
N315_srn_2070_Sau6851	101588_1	98.639	147	1	1	1	146	297982	298128	2.45e-70	259
N315_srn_2080_Sau6851	101588_1	99.237	131	1	0	1	131	298345	298475	1.01e-63	237
N315_srn_2090_sRNA180	101588_1	99.259	270	2	0	1	270	301167	300898	5.70e-139	488
N315_srn_2100_sRNA181	101588_1	99.448	181	1	0	1	181	315532	315352	2.36e-91	329
N315_srn_2110_sRNA182	101588_1	100.000	73	0	0	1	73	316552	316480	1.85e-33	135
N315_srn_2120_Sau6305	101588_1	95.349	86	4	0	1	86	349692	349607	6.47e-34	137
N315_srn_2125_tsr17	101588_1	98.301	412	7	0	1	412	353127	352716	0.0	723
N315_srn_2130_rsaE	101588_1	97.593	457	11	0	3	459	370634	371090	0.0	784
N315_srn_2140_sRNA184	101588_1	99.576	236	1	0	1	236	372011	372246	8.42e-122	431
N315_srn_2150_sRNA185	101588_1	100.000	110	0	0	1	110	376280	376171	8.42e-54	204
N315_srn_2160_Sau6374	101588_1	100.000	68	0	0	1	68	376558	376491	1.01e-30	126
N315_srn_2170_sRNA187	101588_1	98.163	490	9	0	1	490	383113	382624	0.0	856
N315_srn_2180_sRNA188	101588_1	100.000	250	0	0	1	250	384954	384705	3.18e-131	462
N315_srn_2190_Sau6513	101588_1	98.276	58	1	0	1	58	386266	386323	1.39e-23	102
N315_srn_2200_Sau6053	101588_1	100.000	145	0	0	1	145	391205	391349	4.04e-73	268
N315_srn_2220_Sau58	101588_1	100.000	76	0	0	1	76	399107	399032	4.19e-35	141
N315_srn_2230_sprG2	101588_1	95.436	241	10	1	1	241	401529	401768	2.45e-107	383
N315_srn_2230_sprG2	101588_1	94.175	103	6	0	139	241	402035	402137	1.61e-39	158
N315_srn_2240_sprF2	101588_1	96.552	116	4	0	1	116	401826	401711	1.94e-50	193
N315_srn_2250_sprG4	101588_1	96.448	366	13	0	1	366	401785	402150	7.55e-174	604
N315_srn_2250_sprG4	101588_1	94.958	119	6	0	251	369	401666	401784	3.24e-48	187
N315_srn_2260_sprF4	101588_1	93.913	115	7	0	1	115	401825	401711	6.96e-45	174
N315_srn_2270_sRNA192	101588_1	96.818	220	7	0	1	220	402678	402459	6.20e-103	368
N315_srn_2290_sbrA	101588_1	94.631	149	7	1	1	148	408335	408187	1.95e-61	230
N315_srn_2300_sRNA193	101588_1	96.552	174	3	1	1	174	425158	425328	4.95e-78	285
N315_srn_2310_sRNA194	101588_1	97.163	141	4	0	2	142	426733	426873	3.91e-64	239
N315_srn_2320_sRNA195	101588_1	96.535	202	5	2	1	202	448046	447847	2.06e-92	333
N315_srn_2330_Sau11	101588_1	100.000	153	0	0	1	153	451156	451004	1.54e-77	283
N315_srn_2335_tsr18	101588_1	98.104	211	4	0	1	211	451677	451467	5.92e-103	368
N315_srn_2340_Sau59	101588_1	99.219	128	1	0	1	128	452672	452545	4.63e-62	231
N315_srn_2345_tsr19	101588_1	93.617	94	5	1	1	93	457582	457489	1.96e-34	139
N315_srn_2347	101588_1	98.397	312	5	0	1	312	480904	480593	3.00e-157	549
N315_srn_2348	101588_1	100.000	66	0	0	3	68	480820	480885	1.31e-29	122
N315_srn_2350_rsaOP	101588_1	98.798	416	5	0	3	418	484031	484446	0.0	741
N315_srn_2370_Teg55	101588_1	97.600	125	3	0	1	125	485864	485988	4.53e-57	215
N315_srn_2380_sRNA199	101588_1	100.000	193	0	0	1	193	487566	487374	1.16e-99	357
N315_srn_2390_sRNA200	101588_1	79.181	293	46	13	1	280	490920	490630	6.71e-49	189
N315_srn_2400_Teg37as	101588_1	99.083	109	1	0	1	109	495675	495567	1.39e-51	196
N315_srn_2410_Sau6524	101588_1	97.110	173	5	0	1	173	497494	497666	2.94e-80	292
N315_srn_2420_sRNA201	101588_1	97.407	270	7	0	1	270	502347	502616	1.25e-130	460
N315_srn_2430_sRNA202	101588_1	98.864	264	3	0	1	264	506494	506231	5.60e-134	472
N315_srn_2440_Teg56	101588_1	99.556	225	1	0	1	225	508874	509098	1.04e-115	411
N315_srn_2450_Sau6229	101588_1	98.745	239	3	0	1	239	521946	522184	3.97e-120	425
N315_srn_2480_sRNA205	101588_1	93.146	321	19	3	3	321	534582	534263	8.91e-133	468
N315_srn_2500_sRNA207	101588_6	96.407	167	4	2	79	243	99852	99686	2.10e-74	274
N315_srn_2500_sRNA207	101588_6	93.210	162	5	3	40	200	99944	99788	3.56e-62	233
N315_srn_2500_sRNA207	101588_6	94.521	73	2	1	172	244	65412	65482	1.74e-25	111
N315_srn_2500_sRNA207	101588_6	94.030	67	2	1	134	200	99907	99843	3.77e-22	100
N315_srn_2500_sRNA207	101588_6	96.721	61	1	1	184	244	110720	110661	3.77e-22	100
N315_srn_2500_sRNA207	101588_6	90.411	73	4	1	117	186	65468	65540	6.31e-20	93.5
N315_srn_2500_sRNA207	101588_6	93.548	62	3	1	184	245	65367	65427	2.27e-19	91.6
N315_srn_2500_sRNA207	101588_6	81.102	127	13	7	79	198	99797	99675	2.27e-19	91.6
N315_srn_2510_Sau6297	101588_1	97.802	91	1	1	1	90	542233	542323	1.87e-39	156
N315_srn_2520_Teg60	101588_1	91.667	228	7	3	1	216	542848	543075	4.83e-84	305
N315_srn_2530_sRNA209	101588_1	96.370	303	11	0	2	304	544964	544662	2.98e-142	499
N315_srn_2540_sRNA210	101588_1	100.000	106	0	0	1	106	545276	545171	1.35e-51	196
N315_srn_2550_Teg80	101588_1	100.000	159	0	0	1	159	563861	564019	7.42e-81	294
N315_srn_2560_sRNA212	101588_1	98.746	319	3	1	1	318	569696	570014	3.04e-162	566
N315_srn_2570_sRNA213	101588_1	98.246	228	4	0	1	228	579245	579018	2.29e-112	399
N315_srn_2580_Teg103	101588_1	100.000	145	0	0	1	145	580382	580238	4.04e-73	268
N315_srn_2590_Sau46	101588_1	98.462	65	1	0	1	65	589495	589431	2.10e-27	115
N315_srn_2600_sRNA215	101588_1	100.000	63	0	0	1	63	612354	612292	5.58e-28	117
N315_srn_2610_Sau24	101588_1	100.000	71	0	0	1	71	617927	617997	2.30e-32	132
N315_srn_2620_Teg61	101588_1	100.000	110	0	0	1	110	636271	636380	8.42e-54	204
N315_srn_2630_sRNA217	101588_1	100.000	86	0	0	1	86	636625	636540	1.36e-40	159
N315_srn_2640_Sau6554	101588_1	100.000	101	0	0	1	101	647798	647698	7.64e-49	187
N315_srn_2650_sRNA218	101588_1	99.103	223	2	0	1	223	656892	656670	6.20e-113	401
N315_srn_2660_sRNA219	101588_1	97.987	149	2	1	1	148	657344	657492	8.96e-70	257
N315_srn_2670_Sau12	101588_1	100.000	112	0	0	1	112	672287	672176	6.65e-55	207
N315_srn_2690_Sau27	101588_1	95.604	91	4	0	1	91	674721	674811	1.14e-36	147
N315_srn_2700_Teg62	101588_2	100.000	86	0	0	1	86	602713	602628	1.36e-40	159
N315_srn_2710_Sau6710	101588_2	100.000	60	0	0	1	60	601535	601594	2.42e-26	111
N315_srn_2720_Teg104	101588_2	100.000	82	0	0	1	82	600146	600065	2.14e-38	152
N315_srn_2730_Teg106	101588_2	97.872	47	1	0	1	47	587075	587029	1.31e-17	82.4
N315_srn_2740_Teg108	101588_2	97.959	98	2	0	1	98	586825	586922	7.41e-44	171
N315_srn_2750_sRNA223	101588_2	96.190	210	7	1	1	210	583237	583029	3.57e-95	342
N315_srn_2760_Sau85	101588_2	98.077	52	1	0	1	52	583002	582951	2.55e-20	91.6
N315_srn_2780_Sau6282	101588_2	100.000	70	0	0	1	70	577460	577529	8.12e-32	130
N315_srn_2790_sRNA224	101588_2	100.000	217	0	0	1	217	577475	577259	6.02e-113	401
N315_srn_2800_Sau14	101588_2	98.990	99	1	0	1	99	573924	574022	4.49e-46	178
N315_srn_2810_Sau6742	101588_2	96.939	98	3	0	1	98	568051	568148	3.45e-42	165
N315_srn_2820_Teg110	101588_2	100.000	37	0	0	1	37	565903	565867	7.04e-14	69.4
N315_srn_2830_SbrB	101588_2	99.153	118	0	1	1	118	563761	563645	5.47e-56	211
N315_srn_2840_sRNA226	101588_2	96.639	119	4	0	4	122	551691	551573	4.43e-52	198
N315_srn_2840_sRNA226	101588_2	94.048	84	5	0	39	122	235788	235871	5.90e-31	128
N315_srn_2850_Teg112	101588_2	99.605	253	1	0	1	253	541774	541522	3.22e-131	462
N315_srn_2860_sRNA229	101588_2	100.000	79	0	0	1	79	532600	532678	9.49e-37	147
N315_srn_2870_Sau28	101588_2	100.000	109	0	0	1	109	528308	528416	2.99e-53	202
N315_srn_2880_RsaOQ	101588_2	99.180	366	3	0	1	366	528401	528036	0.0	660
N315_srn_2890_Sau72	101588_2	93.600	125	8	0	1	125	525298	525422	9.88e-49	187
N315_srn_2910_Teg63	101588_2	100.000	145	0	0	1	145	521494	521350	4.04e-73	268
N315_srn_2920_Sau6318	101588_2	98.182	55	1	0	1	55	515279	515225	5.98e-22	97.1
N315_srn_2930_sRNA233	101588_6	100.000	98	0	0	1	98	15676	15773	3.42e-47	182
N315_srn_2940_sRNA233	101588_6	100.000	98	0	0	1	98	15676	15773	3.42e-47	182
N315_srn_2950_Teg6	101588_2	99.419	172	1	0	1	172	500650	500479	2.24e-86	313
N315_srn_2960_Sau6528	101588_2	96.970	99	3	0	1	99	481643	481741	9.71e-43	167
N315_srn_2970_sRNA235	101588_2	98.333	240	4	0	1	240	481440	481201	5.16e-119	422
N315_srn_2975_tsr25	101588_2	100.000	181	0	0	1	181	474663	474483	5.06e-93	335
N315_srn_2980_sRNA238	101588_2	98.431	255	4	0	1	255	472584	472330	2.53e-127	449
N315_srn_2990_Sau17	101588_2	100.000	50	0	0	1	50	439819	439770	7.10e-21	93.5
N315_srn_3000_Sau6863	101588_2	100.000	50	0	0	4	53	422801	422752	7.31e-21	93.5
N315_srn_3010_Teg64	101588_2	95.349	86	4	0	1	86	419439	419524	6.38e-34	137
N315_srn_3020_Teg65	101588_2	100.000	82	0	0	1	82	415919	415838	2.14e-38	152
N315_srn_3030_Sau6387	101588_2	100.000	35	0	0	1	35	399814	399848	8.20e-13	65.8
N315_srn_3040_Sau50	101588_2	100.000	148	0	0	1	148	389006	388859	8.90e-75	274
N315_srn_3050_sRNA242	101588_2	100.000	163	0	0	1	163	385032	384870	4.56e-83	302
N315_srn_3060_sRNA243	101588_2	100.000	184	0	0	1	184	377216	377033	1.11e-94	340
N315_srn_3070_Sau6889	101588_2	100.000	64	0	0	1	64	376577	376640	1.59e-28	119
N315_srn_3080_Teg66	101588_2	100.000	135	0	0	1	135	375834	375968	1.35e-67	250
N315_srn_3080_Teg66	101588_2	94.118	119	6	1	1	118	34219	34337	1.79e-46	180
N315_srn_3090_sRNA245	101588_2	93.750	160	10	0	1	160	320340	320181	9.87e-65	241
N315_srn_3100_sRNA246	101588_2	99.190	247	2	0	1	247	317435	317189	3.16e-126	446
N315_srn_3110_Sau6353	101588_2	97.368	76	2	0	1	76	313318	313393	9.08e-32	130
N315_srn_3120_Sau6405	101588_2	100.000	86	0	0	3	88	313167	313082	1.40e-40	159
N315_srn_3130_Teg116	101588_2	100.000	55	0	0	1	55	308387	308441	1.28e-23	102
N315_srn_3140_Teg151	101588_2	100.000	136	0	0	1	136	300807	300672	3.78e-68	252
N315_srn_3150_Teg83	101588_2	100.000	123	0	0	1	123	277462	277584	5.71e-61	228
N315_srn_3160_RsaOD	101588_2	100.000	215	0	0	1	215	254269	254055	7.71e-112	398
N315_srn_3170_Sau6463	101588_2	98.039	51	0	1	1	50	221132	221082	3.11e-19	87.9
N315_srn_3180_Sau6940	101588_2	97.143	70	2	0	1	70	214796	214727	1.76e-28	119
N315_srn_3185_tsr28	101588_2	100.000	76	0	0	1	76	214403	214478	4.19e-35	141
N315_srn_3190_Teg68	101588_2	99.487	195	1	0	1	195	205350	205544	4.22e-99	355
N315_srn_3200_sRNA253	101588_2	98.980	196	2	0	1	196	204003	203808	5.49e-98	351
N315_srn_3210_sRNA254	101588_2	92.949	156	11	0	1	156	201876	202031	7.47e-61	228
N315_srn_3210_sRNA254	101588_2	94.000	50	3	0	8	57	201825	201874	2.86e-15	76.8
N315_srn_3220_sRNA254	101588_2	95.270	148	7	0	1	148	201518	201665	5.54e-63	235
N315_srn_3220_sRNA254	101588_2	94.737	57	3	0	132	188	201875	201931	4.57e-19	89.8
N315_srn_3230_Sau6936	101588_2	100.000	51	0	0	1	51	197140	197090	1.92e-21	95.3
N315_srn_3240_sRNA255	101588_2	99.078	217	2	0	1	217	195059	194843	1.30e-109	390
N315_srn_3260_Teg69	101588_2	99.267	273	2	0	1	273	190601	190873	1.24e-140	494
N315_srn_3270_sRNA259	101588_2	98.750	240	3	0	1	240	171476	171715	1.11e-120	427
N315_srn_3280_sRNA260	101588_2	98.456	259	4	0	1	259	170874	170616	1.54e-129	457
N315_srn_3300_Teg70	101588_2	98.851	348	4	0	1	348	164268	164615	7.05e-179	621
N315_srn_3310_sRNA263	101588_2	98.810	168	2	0	1	168	149090	149257	1.70e-82	300
N315_srn_3320_sRNA264	101588_2	100.000	283	0	0	1	283	147192	147474	1.64e-149	523
N315_srn_3330_Teg71	101588_2	98.942	189	2	0	1	189	144856	145044	4.11e-94	339
N315_srn_3340_Teg72	101588_2	97.297	148	4	0	1	148	134388	134535	4.17e-68	252
N315_srn_3350_sRNA266	101588_2	99.187	246	2	0	1	246	132477	132232	1.13e-125	444
N315_srn_3360_sRNA267	101588_2	97.527	283	6	1	1	283	120405	120686	2.78e-137	483
N315_srn_3370_RsaOW5	101588_2	88.983	118	10	2	1	118	63125	63011	2.02e-35	143
N315_srn_3390_Teg7	101588_2	100.000	193	0	0	1	193	88394	88586	1.16e-99	357
N315_srn_3400_sRNA269	101588_2	90.336	238	23	0	1	238	85543	85306	3.21e-86	313
N315_srn_3410_rsaB	101588_2	100.000	57	0	0	1	57	84458	84402	1.05e-24	106
N315_srn_3420_Teg89	101588_2	97.436	78	2	0	2	79	84183	84260	7.39e-33	134
N315_srn_3430_sRNA271	101588_2	97.093	172	5	0	1	172	82069	82240	1.05e-79	291
N315_srn_3440_Sau6128	101588_2	100.000	47	0	0	1	47	75018	75064	2.82e-19	87.9
N315_srn_3450_Sau84	101588_2	100.000	88	0	0	1	88	71760	71673	1.08e-41	163
N315_srn_3460_Sau5949	101588_8	100.000	106	0	0	1	106	68037	67932	1.35e-51	196
N315_srn_3470_sRNA274	101588_2	97.554	368	8	1	1	367	61040	61407	0.0	628
N315_srn_3480_sRNA275	101588_1	91.379	116	7	1	137	249	303516	303401	1.02e-38	156
N315_srn_3480_sRNA275	101588_1	78.571	252	30	7	1	249	208945	209175	2.20e-35	145
N315_srn_3480_sRNA275	101588_1	98.571	70	1	0	179	248	254024	254093	2.87e-29	124
N315_srn_3480_sRNA275	101588_1	87.629	97	10	2	113	208	303289	303194	2.23e-25	111
N315_srn_3480_sRNA275	101588_1	91.781	73	3	2	179	249	38438	38367	1.74e-21	99.0
N315_srn_3480_sRNA275	101588_1	91.304	69	3	3	185	250	342197	342265	2.91e-19	91.6
N315_srn_3480_sRNA275	101588_1	89.041	73	7	1	179	250	253968	254040	1.05e-18	89.8
N315_srn_3480_sRNA275	101588_1	94.872	39	1	1	106	144	209146	209183	8.20e-10	60.2
N315_srn_3480_sRNA275	101588_1	100.000	29	0	0	106	134	303430	303402	3.82e-08	54.7
N315_srn_3480_sRNA275	101588_1	100.000	29	0	0	106	134	342235	342263	3.82e-08	54.7
N315_srn_3490_RsaOE	101588_2	100.000	220	0	0	1	220	43971	44190	1.31e-114	407
N315_srn_3500_sRNA277	101588_2	98.361	244	4	0	1	244	40334	40577	3.14e-121	429
N315_srn_3510_Teg74	101588_2	100.000	301	0	0	1	301	34172	34472	1.73e-159	556
N315_srn_3510_Teg74	101588_2	91.912	136	8	3	33	166	375817	375951	2.61e-48	187
N315_srn_3520_sRNA279	101588_2	98.198	333	6	0	1	333	31862	31530	3.17e-167	582
N315_srn_3540_sRNA280	101588_2	98.286	175	3	0	1	175	22612	22438	1.75e-84	307
N315_srn_3540_sRNA280	101588_2	100.000	100	0	0	176	275	504597	504498	8.54e-48	185
N315_srn_3540_sRNA280	101588_2	99.029	103	0	1	173	275	510762	510661	3.07e-47	183
N315_srn_3550_Teg75	101588_2	100.000	145	0	0	1	145	18880	19024	4.04e-73	268
N315_srn_3560_sRNA283	101588_2	98.000	150	3	0	1	150	16752	16603	7.04e-71	261
N315_srn_3570_sRNA284	101588_2	93.972	282	15	2	68	347	6225	6506	5.91e-120	425
N315_srn_3610_SprC	101588_12	98.592	142	2	0	1	142	255	114	3.97e-68	252
N315_srn_3630_Sau69	101588_12	100.000	98	0	0	1	98	13825	13922	3.42e-47	182
N315_srn_3640_sRNA288	101588_12	97.183	213	0	1	1	207	20317	20105	4.51e-99	355
N315_srn_3650_sRNA289	101588_12	95.133	226	11	0	1	226	23448	23223	1.38e-99	357
N315_srn_3660_Sau6515	101588_12	99.061	213	2	0	1	213	24777	24989	2.14e-107	383
N315_srn_3670_Sau6930	101588_12	97.403	77	2	0	2	78	29237	29161	2.61e-32	132
N315_srn_3680_sRNA290	101588_12	99.197	249	2	0	1	249	31567	31815	2.46e-127	449
N315_srn_3690_rsaOW6	101588_12	96.247	373	13	1	1	373	35835	35464	1.64e-175	610
N315_srn_3700_Teg142	101588_2	94.737	57	3	0	1	57	63125	63069	1.05e-19	89.8
N315_srn_3710_Sau6799	101588_7	100.000	68	0	0	1	68	123766	123833	1.01e-30	126
N315_srn_3720_Teg121	101588_7	100.000	46	0	0	1	46	96694	96649	9.79e-19	86.1
N315_srn_3730_sRNA297	101588_7	99.556	225	1	0	1	225	84748	84524	1.04e-115	411
N315_srn_3740_Sau6492	101588_7	99.237	131	1	0	1	131	84298	84168	1.01e-63	237
N315_srn_3750_Sau6291	101588_7	100.000	74	0	0	1	74	78944	78871	5.23e-34	137
N315_srn_3760_Sau7009	101588_7	100.000	50	0	0	1	50	53743	53792	6.69e-21	93.5
N315_srn_3765	101588_7	93.119	218	15	0	1	218	49215	49432	2.26e-88	320
N315_srn_3770_Teg122	101588_7	100.000	52	0	0	1	52	49066	49015	5.49e-22	97.1
N315_srn_3780_Teg13	101588_7	98.649	148	2	0	1	148	48843	48990	1.93e-71	263
N315_srn_3860_sRNA315	101588_2	96.552	87	0	3	1	87	327248	327165	7.58e-35	141
N315_srn_3870_sRNA296	101588_1	91.946	149	11	1	35	183	209102	209249	1.17e-54	207
N315_srn_3870_sRNA296	101588_1	90.741	108	8	2	1	108	38472	38367	3.33e-35	143
N315_srn_3870_sRNA296	101588_1	86.667	120	12	2	49	167	253923	254039	2.60e-31	130
N315_srn_3870_sRNA296	101588_1	98.361	61	1	0	107	167	253923	253983	1.22e-24	108
N315_srn_3870_sRNA296	101588_1	91.892	74	6	0	35	108	303474	303401	1.57e-23	104
N315_srn_3870_sRNA296	101588_1	96.667	60	2	0	49	108	162859	162800	2.04e-22	100
N315_srn_3870_sRNA296	101588_1	96.296	54	2	0	55	108	342211	342264	4.41e-19	89.8
N315_srn_3870_sRNA296	101588_1	81.250	112	13	6	1	108	461321	461428	2.05e-17	84.2
N315_srn_3870_sRNA296	101588_1	85.714	77	10	1	107	183	162859	162784	2.65e-16	80.5
N315_srn_3870_sRNA296	101588_1	94.000	50	3	0	1	50	195831	195880	3.43e-15	76.8
N315_srn_3870_sRNA296	101588_1	91.667	48	4	0	3	50	209186	209233	2.06e-12	67.6
N315_srn_3870_sRNA296	101588_1	76.596	141	21	8	49	183	461310	461444	2.06e-12	67.6
N315_srn_3910_RNAIII	101588_7	100.000	516	0	0	1	516	29253	29768	0.0	953
N315_srn_3930_sRNA319	101588_7	96.460	226	8	0	1	226	20542	20317	1.37e-104	374
N315_srn_3940_sRNA320	101588_7	98.485	66	1	0	2	67	12556	12491	5.95e-28	117
N315_srn_3950_Teg16	101588_7	99.111	225	2	0	1	225	11204	10980	4.84e-114	405
N315_srn_3960_sRNA323	101588_27	100.000	184	0	0	1	184	614	431	1.11e-94	340
N315_srn_3970_Sau6929	101588_8	96.907	97	3	0	1	97	97984	98080	1.22e-41	163
N315_srn_3980_sRNA324	101588_8	99.398	166	1	0	1	166	75271	75106	4.66e-83	302
N315_srn_4000_sRNA326	101588_8	98.814	253	3	0	1	253	40405	40153	6.97e-128	451
N315_srn_4010_sRNA327	101588_8	100.000	199	0	0	1	199	34161	33963	5.55e-103	368
N315_srn_4015_tsr31	101588_8	100.000	72	0	0	1	72	34009	34080	6.52e-33	134
N315_srn_4020_sRNA328	101588_8	95.238	168	8	0	1	168	32094	32261	1.72e-72	267
N315_srn_4030_sRNA329	101588_8	100.000	150	0	0	1	150	28872	28723	6.99e-76	278
N315_srn_4040_Sau6469	101588_8	98.571	70	1	0	1	70	28334	28265	3.78e-30	124
N315_srn_4050_artR	101588_8	97.977	346	7	0	1	346	26683	27028	9.12e-173	601
N315_srn_4060_Sau6723	101588_8	97.436	78	2	0	1	78	25867	25790	7.39e-33	134
N315_srn_4070_sRNA330	101588_8	94.444	144	8	0	1	144	21772	21629	3.17e-59	222
N315_srn_4080_sRNA331	101588_8	100.000	68	0	0	3	70	19761	19828	1.05e-30	126
N315_srn_4090_sprF3	101588_8	99.422	173	0	1	1	172	14035	13863	2.24e-86	313
N315_srn_4100_sprG3	101588_8	99.609	256	0	1	1	255	13709	13964	2.51e-132	466
N315_srn_4110_sRNA335	101588_8	97.980	198	4	0	1	198	11684	11487	9.30e-96	344
N315_srn_4120_Teg20	101588_15	100.000	149	0	0	1	149	2976	2828	2.49e-75	276
N315_srn_4130_Teg21	101588_15	97.619	84	2	0	36	119	16244	16161	5.69e-36	145
N315_srn_4140_sRNA338	101588_23	100.000	68	0	0	1	68	1736	1669	1.01e-30	126
N315_srn_4150_sRNA339	101588_23	100.000	55	0	0	1	55	516	462	1.28e-23	102
N315_srn_4160_Sau25	101588_3	100.000	57	0	0	63	119	58	2	3.94e-24	106
N315_srn_4170_Sau23	101588_10	98.148	54	1	0	1	54	18374	18321	2.09e-21	95.3
N315_srn_4180_sRNA341	101588_10	99.099	111	1	0	1	111	19409	19519	1.10e-52	200
N315_srn_4190_sRNA342	101588_10	97.297	259	7	0	1	259	20391	20649	1.55e-124	440
N315_srn_4200_sRNA343	101588_10	100.000	213	0	0	1	213	32788	33000	9.87e-111	394
N315_srn_4205_tsr32	101588_10	95.364	151	7	0	1	151	38198	38348	9.24e-65	241
N315_srn_4210_Teg22	101588_6	96.842	95	3	0	1	95	136436	136530	1.54e-40	159
N315_srn_4220_sRNA345	101588_6	100.000	87	0	0	1	87	136427	136513	3.84e-41	161
N315_srn_4230_sRNA344	101588_6	100.000	40	0	0	1	40	136483	136444	1.66e-15	75.0
N315_srn_4240_Teg84	101588_6	100.000	79	0	0	1	79	135453	135531	9.49e-37	147
N315_srn_4250_Sau31	101588_6	98.462	65	1	0	1	65	132819	132755	2.10e-27	115
N315_srn_4260_Sau30	101588_6	100.000	64	0	0	1	64	131715	131778	1.59e-28	119
N315_srn_4270_sRNA347	101588_6	100.000	91	0	0	1	91	131746	131656	2.43e-43	169
N315_srn_4280_Sau73	101588_6	100.000	90	0	0	1	90	117872	117783	8.62e-43	167
N315_srn_4290_sRNA348	101588_6	100.000	79	0	0	1	79	103506	103428	9.49e-37	147
N315_srn_4300_sRNA349	101588_6	92.661	218	16	0	1	218	100060	99843	9.99e-87	315
N315_srn_4300_sRNA349	101588_6	92.174	115	5	2	154	264	99797	99683	4.96e-40	159
N315_srn_4300_sRNA349	101588_6	83.951	162	20	3	106	262	65322	65482	2.98e-37	150
N315_srn_4300_sRNA349	101588_6	100.000	65	0	0	154	218	99852	99788	2.34e-28	121
N315_srn_4300_sRNA349	101588_6	94.643	56	3	0	209	264	65373	65428	2.37e-18	87.9
N315_srn_4320_sRNA350	101588_6	98.529	136	2	0	1	136	82441	82576	8.18e-65	241
N315_srn_4325_tsr33	101588_6	100.000	85	0	0	1	85	78141	78225	4.82e-40	158
N315_srn_4330_Teg36as	101588_6	97.380	458	6	1	1	452	73064	73521	0.0	774
N315_srn_4340_Teg23	101588_6	98.361	305	5	0	1	305	72376	72680	2.30e-153	536
N315_srn_4350_sRNA353	101588_6	99.000	100	1	0	1	100	68610	68709	1.26e-46	180
N315_srn_4360_sRNA354	101588_6	100.000	246	0	0	1	246	64370	64125	5.23e-129	455
N315_srn_4370_sRNA355	101588_6	92.879	323	16	6	1	320	60143	60461	4.16e-131	462
N315_srn_4380_Sau92	101588_6	100.000	48	0	0	1	48	59432	59385	8.11e-20	89.8
N315_srn_4390_rsaOG	101588_6	100.000	111	0	0	1	111	57762	57872	2.37e-54	206
N315_srn_4400_sRNA357	101588_6	100.000	172	0	0	1	172	49141	48970	4.81e-88	318
N315_srn_4410_sRNA358	101588_6	100.000	98	0	0	1	98	44979	44882	3.42e-47	182
N315_srn_4420_Teg25	101588_6	99.174	121	1	0	1	121	44159	44279	3.37e-58	219
N315_srn_4430_sRNA360	101588_6	99.490	196	1	0	1	196	38639	38444	1.18e-99	357
N315_srn_4440_sRNA361	101588_6	97.248	109	3	0	1	109	10856	10964	3.02e-48	185
N315_srn_4450_Sau6307	101588_6	98.667	75	1	0	1	75	7020	7094	6.89e-33	134
N315_srn_4460_Teg26	101588_5	97.656	128	3	0	39	166	826	699	1.34e-58	220
N315_srn_4470_RsaX28	101588_5	99.830	1177	2	0	1	1177	11997	10821	0.0	2163
N315_srn_4490_sRNA365	101588_5	99.563	229	1	0	1	229	29940	30168	6.34e-118	418
N315_srn_4520_RsaX20	101588_5	99.237	262	2	0	1	262	47692	47953	1.55e-134	473
N315_srn_4530_sprAs2prime	101588_5	98.182	55	1	0	1	55	61503	61557	5.98e-22	97.1
N315_srn_4540_sprAs2	101588_5	100.000	62	0	0	1	62	65776	65837	1.96e-27	115
N315_srn_4540_sprAs2	101588_5	96.774	62	2	0	1	62	61499	61560	4.25e-24	104
N315_srn_4550_sprA2	101588_5	99.142	233	2	0	1	233	66035	65803	1.80e-118	420
N315_srn_4560_sRNA372	101588_5	93.125	160	10	1	1	160	66638	66480	1.65e-62	233
N315_srn_4570_Teg27	101588_5	100.000	91	0	0	1	91	71054	70964	2.43e-43	169
N315_srn_4580_sRNA374	101588_5	98.106	264	5	0	1	264	81641	81904	1.21e-130	460
N315_srn_4590_Teg28	101588_5	100.000	128	0	0	1	128	87741	87614	9.94e-64	237
N315_srn_4600_sRNA376	101588_5	94.681	282	15	0	1	282	88197	88478	6.08e-124	438
N315_srn_4605_tsr34	101588_5	98.000	50	1	0	1	50	100196	100245	3.11e-19	87.9
N315_srn_4610_sRNA377	101588_1	100.000	94	0	0	1	94	461429	461522	5.51e-45	174
N315_srn_4610_sRNA377	101588_1	97.895	95	2	0	1	95	195892	195986	3.32e-42	165
N315_srn_4610_sRNA377	101588_1	96.842	95	3	0	1	95	38366	38272	1.54e-40	159
N315_srn_4610_sRNA377	101588_1	96.842	95	3	0	1	95	435531	435625	1.54e-40	159
N315_srn_4610_sRNA377	101588_1	95.789	95	4	0	1	95	162799	162705	7.18e-39	154
N315_srn_4610_sRNA377	101588_1	93.684	95	5	1	1	95	303400	303307	5.59e-35	141
N315_srn_4620_sRNA378	101588_5	95.690	232	10	0	1	232	106170	106401	1.41e-104	374
N315_srn_4630_sRNA379	101588_5	99.371	159	1	0	1	159	108546	108704	3.45e-79	289
N315_srn_4635_S1077	101588_5	97.248	218	6	0	1	218	110161	109944	1.71e-103	370
N315_srn_4650_Sau6902	101588_5	98.571	70	1	0	1	70	113858	113789	3.78e-30	124
N315_srn_4660_sRNA380	101588_5	99.438	178	1	0	1	178	114470	114293	1.08e-89	324
N315_srn_4665_tsr35	101588_5	98.905	548	6	0	1	548	121492	122039	0.0	979
N315_srn_4666_tsr36	101588_5	98.669	526	7	0	1	526	122090	121565	0.0	933
N315_srn_4670_RsaOT	101588_5	99.315	146	1	0	1	146	122108	122253	5.27e-72	265
N315_srn_4680_Sau19	101588_5	94.667	75	4	0	1	75	122674	122748	6.94e-28	117
N315_srn_4705_tsr37	101588_5	98.813	337	4	0	1	337	132035	132371	8.87e-173	601
N315_srn_4720_sRNA383	101588_5	93.014	501	24	4	1	500	136268	136758	0.0	721
N315_srn_4720_sRNA383	101588_5	86.972	284	34	3	216	497	140206	140488	5.45e-87	316
N315_srn_4730_sRNA383	101588_5	98.940	283	3	0	1	283	140206	140488	1.65e-144	507
N315_srn_4730_sRNA383	101588_5	86.268	284	36	3	1	283	136474	136755	6.46e-84	305
N315_srn_4740_sprA3	101588_5	93.478	230	12	3	3	229	158343	158572	5.10e-94	339
N315_srn_4750_sRNA384	101588_5	97.436	117	2	1	1	116	158571	158455	4.17e-52	198
N315_srn_4760_RsaX23	101588_5	95.455	66	2	1	1	65	158577	158512	4.54e-24	104
N315_srn_4770_sRNA385	101588_5	94.508	437	14	4	1	432	168169	168600	0.0	665
N315_srn_4780_Teg31	101588_5	99.130	115	1	0	1	115	168476	168362	6.87e-55	207
N315_srn_4790_sRNA387	101588_5	98.689	305	4	0	1	305	171805	172109	4.90e-155	542
N315_srn_4800_rsaOU	101588_5	99.333	300	1	1	1	300	177580	177878	4.82e-155	542
N315_srn_4810_sRNA388	101588_5	98.515	202	3	0	1	202	178978	179179	1.22e-99	357
N315_srn_4820_Sau6648	101588_5	95.946	74	3	0	1	74	179709	179782	5.27e-29	121
N315_srn_4830_Sau6072	101588_5	100.000	295	0	0	1	295	181966	182260	3.66e-156	545
N315_srn_4840_RsaOV	101588_5	100.000	55	0	0	1	55	198097	198151	1.28e-23	102
N315_srn_4850_Sau6416	101588_4	98.701	77	1	0	1	77	538	614	5.52e-34	137
N315_srn_4860_sRNA391	101588_4	99.474	190	1	0	1	190	1825	2014	2.47e-96	346
N315_srn_4870_Sau6909	101588_4	98.077	52	1	0	1	52	6855	6906	2.55e-20	91.6
N315_srn_4880_Sau6745	101588_4	100.000	56	0	0	1	56	14545	14600	3.67e-24	104
N315_srn_4890_Teg134	101588_4	100.000	82	0	0	1	82	14808	14727	2.14e-38	152
N315_srn_4900_sRNA394	101588_4	97.119	243	7	0	1	243	26100	26342	1.13e-115	411
N315_srn_4910_sRNA395	101588_4	97.238	181	5	0	1	181	27803	27983	1.10e-84	307
N315_srn_4920_Sau39	101588_4	98.113	53	1	0	1	53	31260	31208	7.31e-21	93.5
N315_srn_4930_Sau6872	101588_4	98.198	111	2	0	1	111	32747	32637	5.12e-51	195
N315_srn_4940_sRNA396	101588_4	97.419	310	8	0	1	310	42916	43225	3.88e-151	529
N315_srn_4950_sRNA397	101588_4	96.273	322	10	1	1	320	46429	46750	1.44e-150	527
N315_srn_4960_Sau6590	101588_4	100.000	52	0	0	1	52	58310	58361	5.49e-22	97.1
N315_srn_4970_sRNA398	101588_4	98.611	144	2	0	1	144	64547	64404	3.12e-69	255
N315_srn_4980_Teg32	101588_4	98.214	224	3	1	1	223	65489	65266	1.35e-109	390
N315_srn_5000_Sau13	101588_4	99.038	104	1	0	1	104	71439	71336	7.92e-49	187
N315_srn_5010_Teg33	101588_4	98.980	196	2	0	1	196	72182	71987	5.49e-98	351
N315_srn_5020_sRNA401	101588_4	99.296	568	4	0	1	568	77510	78077	0.0	1027
N315_srn_5030_Sau37	101588_4	95.890	73	3	0	1	73	91571	91499	1.86e-28	119
N315_srn_5040_sRNA403	101588_4	100.000	138	0	0	1	138	97888	98025	2.97e-69	255
N315_srn_5050_Teg28as	101588_4	100.000	37	0	0	1	37	101458	101494	7.04e-14	69.4
N315_srn_5060_sRNA405	101588_4	91.003	289	26	0	1	289	114293	114581	1.77e-109	390
N315_srn_5070_RsaX25	101588_4	98.681	379	5	0	1	379	129122	128744	0.0	673
N315_srn_5075	101588_4	97.297	222	6	0	1	222	136570	136349	1.04e-105	377
N315_srn_5080_Sau6518	101588_4	100.000	46	0	0	1	46	144617	144662	9.79e-19	86.1
N315_srn_5090_sRNA408	101588_4	96.078	153	5	1	1	152	145459	145611	5.56e-67	248
N315_srn_5100_sRNA410	101588_4	88.966	145	15	1	1	144	156208	156352	7.57e-46	178
N315_srn_5110_sRNA411	101588_4	96.250	160	6	0	3	162	164516	164357	2.14e-71	263
N315_srn_5120_Sau5995	101588_4	100.000	93	0	0	1	93	164788	164880	1.93e-44	172
N315_srn_5130_Sau6728	101588_4	100.000	78	0	0	1	78	168032	168109	3.36e-36	145
N315_tmRNA	101588_1	98.329	359	6	0	1	359	230806	231164	0.0	630
